256 256 28.037730
512 256 51.541698
1024 256 88.506460
2048 256 149.517552
4096 256 265.397849
8192 256 499.302763
16384 256 930.293459
32768 256 1752.089498
256 512 83.404727
512 512 147.739056
1024 512 272.843507
2048 512 497.797636
4096 512 921.084568
8192 512 1737.745472
16384 512 3374.995125
32768 512 6618.025692
256 1024 266.712183
512 1024 492.048140
1024 1024 920.417310
2048 1024 1731.072178
4096 1024 3337.188787
8192 1024 6584.429897
16384 1024 13034.521949
32768 1024 25927.841523
256 2048 934.109635
512 2048 1729.015422
1024 2048 3353.280406
2048 2048 6577.089301
4096 2048 13022.983566
8192 2048 25925.479150
16384 2048 51672.152279
32768 2048 107685.812418
256 4096 3337.981331
512 4096 6569.122070
1024 4096 13026.248267
2048 4096 25993.544464
4096 4096 51715.406257
8192 4096 103239.398450
16384 4096 206246.037358
32768 4096 430410.422727
256 8192 13000.229545
512 8192 25875.373907
1024 8192 51709.466143
2048 8192 103242.922281
4096 8192 206016.784230
8192 8192 412345.864718
16384 8192 823995.176395
32768 8192 1647759.741211
