4096	256	103.061981
4096	512	394.865753
4096	1024	1555.557007
4096	2048	6165.471680
2	10	0.717024
1	10	0.624000
1	10	0.569536
1	10	0.896960
1	10	0.576256
1	10	0.593696
1	10	0.609984
1	10	0.843232
1	10	0.485824
1	10	0.556224
1	10	0.564032
1	10	0.548960
1	10	0.560928
1	10	0.560384
1	10	0.554464
1	10	0.562464
1	10	0.558368
1	10	0.483488
1	10	0.502496
1	10	0.553696
1	10	0.821696
1	10	0.506176
1	10	0.519680
1	10	0.609600
1	10	0.613824
1	10	0.537984
1	10	0.497856
1	10	0.657408
1	10	0.567616
1	10	0.640928
1	10	0.828128
1	10	0.415904
1	10	0.408416
1	10	0.384896
1	10	0.388992
1	10	0.489856
1	10	0.319104
1	10	0.477952
1	10	0.477984
1	10	0.458848
1	10	0.551968
1	10	0.531296
1	10	0.634816
1	10	0.498816
1	10	0.543200
1	10	0.593344
1	10	0.843488
1	10	0.497056
1	10	0.518784
1	10	0.562496
1	10	0.541312
