256 256 369.425140
512 256 413.897736
1024 256 479.354645
2048 256 480.741119
4096 256 483.154541
8192 256 491.045380
16384 256 1265.562500
32768 256 2052.801758
256 512 1473.291870
512 512 1675.891479
1024 512 1906.259399
2048 512 1909.665283
4096 512 1915.114868
8192 512 1938.412964
16384 512 4984.186523
32768 512 8071.359863
256 1024 5958.203125
512 1024 6723.880859
1024 1024 7619.503418
2048 1024 7628.437500
4096 1024 7643.206543
8192 1024 7944.222168
16384 1024 18214.652344
32768 1024 28872.644531
256 2048 23835.035156
512 2048 26910.765625
1024 2048 30476.558594
2048 2048 30499.462891
4096 2048 30547.755859
8192 2048 31377.667969
16384 2048 70732.617188
32768 2048 112004.812500
256 4096 95203.578125
512 4096 107563.671875
1024 4096 121666.250000
2048 4096 121761.257812
4096 4096 121888.562500
8192 4096 123399.328125
16384 4096 317892.562500
32768 4096 517268.625000
256 8192 605364.500000
512 8192 1172893.375000
1024 8192 2344961.250000
2048 8192 2354262.000000
4096 8192 2358404.250000
8192 8192 493530.093750
16384 8192 1250786.875000
32768 8192 2078236.125000
