256 256 18.581663
512 256 35.796448
1024 256 70.459518
2048 256 138.216614
4096 256 273.762115
8192 256 545.582703
16384 256 1088.643433
32768 256 2175.175781
256 512 35.589344
512 512 68.411392
1024 512 134.922073
2048 512 266.325317
4096 512 528.967407
8192 512 1056.037109
16384 512 2108.315186
32768 512 4213.257812
256 1024 101.556831
512 1024 196.268997
1024 1024 390.708466
2048 1024 774.466858
4096 1024 1542.072510
8192 1024 3084.887451
16384 1024 6157.442871
32768 1024 12307.811523
256 2048 388.256470
512 2048 774.551331
1024 2048 1537.146362
2048 2048 3062.196533
4096 2048 6122.388184
8192 2048 12232.760742
16384 2048 24453.083984
32768 2048 48893.460938
256 4096 1542.319702
512 4096 3062.348145
1024 4096 6102.206543
2048 4096 12202.348633
4096 4096 24379.312500
8192 4096 48735.878906
16384 4096 97474.257812
32768 4096 194935.968750
