256   256   477.453598
512   256   892.843355
1024  256   1692.683801
2048  256   3300.975906
4096  256   6511.782630
8192  256   12950.189091
16384 256   25956.497989
32768 256   51804.455209
256   512   1623.968524
512   512   3288.023161
1024  512   6478.820749
2048  512   12907.816501
4096  512   25734.251506
8192  512   51557.747069
16384 512   102876.128351
32768 512   201095.263780
256   1024  6280.897987
512   1024  12422.764362
1024  1024  24784.998963
2048  1024  49540.215934
4096  1024  98925.763506
8192  1024  198230.798446
16384 1024  396169.799691
32768 1024  792644.588034
256   2048  24703.270406
512   2048  48746.732108
1024  2048  98161.630865
2048  2048  196776.025149
4096  2048  367111.253816
8192  2048  729000.369940
16384 2048  1470639.137155
32768 2048  2923295.864772
256   4096  90073.160195
512   4096  180537.950555
1024  4096  362165.595276
2048  4096  729719.895213
4096  4096  1436021.709306
8192  4096  2912826.479517
16384 4096  5838162.405294
32768 4096 12168350.341305
